1 37.44 -25.40
2 38.43 -9.08
3 41.11 -8.36
4 37.23 -5.59
5 36.32 -6.18
6 36.43 -4.25
7 37.13 -3.41
8 37.53 -4.46
9 38.21 -0.29
10 39.28 -0.22
11 41.23 2.11
12 41.38 -0.53
13 40.24 -3.41
14 41.39 -4.43
15 43.15 -2.58
16 43.22 -8.23
17 38.54 1.26
18 39.34 2.39
19 42.30 1.31
20 44.50 -0.34
21 43.36 1.26
22 43.18 5.24
23 43.42 7.15
24 43.42 7.23
25 42.42 9.27
26 45.50 1.16
27 45.26 4.24
28 45.45 4.51
29 45.10 5.43
30 48.24 -4.29
31 48.05 -1.41
32 47.13 -1.33
33 47.23 0.41
34 49.30 0.08
35 48.52 2.20
36 49.15 4.02
37 47.19 5.01
38 48.41 6.12
39 48.35 7.45
40 49.36 6.09
41 50.38 5.34
42 50.50 4.20
43 50.38 3.04
44 51.03 3.43
45 51.13 4.25
46 51.26 5.28
47 51.55 4.28
48 52.22 4.54
49 52.05 5.08
50 53.13 6.33
51 50.23 -4.10
52 50.43 -1.54
53 50.50 -0.08
54 51.29 -3.13
55 51.27 -2.35
56 51.30 -0.10
57 52.30 -1.50
58 53.25 -2.55
59 53.30 -2.15
60 53.23 -1.30
61 53.50 -1.35
62 54.59 -1.35
63 55.57 -3.13
64 55.53 -4.15
65 56.28 -3.00
66 57.10 -2.04
67 60.09 -1.09
68 62.01 -6.46
69 51.54 -8.28
70 52.40 -8.38
71 53.20 -6.15
72 54.35 -5.55
73 55.00 -7.19
