0 0.0 20 100.0 25 195.38516480713452 24 287.3851648071345 27 380.2135919318807 69 498.01646948079645 66 590.0164694807964 0 606.5694148380433
0 0.0 67 102.2065556157337 63 195.2065556157337 62 290.2065556157337 82 412.22217680289793 88 513.4025166903969 2 625.7631964653947 0 646.378724593483
0 0.0 65 102.8062484748657 41 208.07058599733944 40 300.07058599733944 15 442.27211854189216 28 557.4514751659206 0 575.1715203125899
0 0.0 7 106.0 84 227.04834939252004 85 319.8767765172662 89 415.2619413244007 0 439.61353264817257
0 0.0 5 105.13274595042155 83 226.75552255210533 71 347.2350238603617 77 445.8373491274043 79 536.8373491274043 80 632.2225139345388 91 765.234140269752 1 872.234140269752 0 890.9156819620214
0 0.0 3 106.1245154965971 95 220.5376267280645 94 314.14317800352853 92 407.7487292789925 9 530.3983847136216 11 623.5606623737899 21 731.2807075204593 0 741.4787465476448
0 0.0 43 106.55294535724684 57 217.74256545766394 53 318.5128950719329 46 438.926707723424 48 531.7551348481702 51 624.7551348481702 52 719.7551348481702 0 740.9683382837666
0 0.0 42 109.31320791582797 55 218.5485919774993 35 350.6080736671255 37 446.43902556197077 39 541.8241903691053 38 636.8241903691053 47 757.2380030205964 0 775.2657593979163
0 0.0 90 110.6155281280883 86 206.6155281280883 70 334.9039075662416 73 427.9039075662416 93 579.1738022944032 97 674.1738022944032 100 769.1738022944032 4 880.574736853436 75 974.8173775405553 0 990.6287658413972
0 0.0 87 115.49509756796392 81 233.7793688154258 78 326.7793688154258 76 418.7793688154258 72 546.1156782206148 6 677.2252878028037 36 809.6634781506496 34 902.6634781506496 49 1015.0241579256474 0 1034.233530637946
0 0.0 13 120.80584360149872 18 217.80584360149874 74 362.9783004980336 58 486.51932016053047 60 579.5193201605305 59 679.959626669441 26 812.0191083590672 23 905.0191083590672 0 918.0191083590672
0 0.0 96 126.05551275463989 98 221.4406775617744 8 332.6302976621915 44 461.10106578553416 64 567.1010657855342 61 659.1010657855342 68 754.1010657855342 0 774.7165939136224
0 0.0 32 121.6227766016838 31 216.6227766016838 33 312.0079414088183 10 439.4912710368009 16 553.6987079106214 12 648.6987079106214 14 741.6987079106214 99 865.0753464471786 0 898.6163661096755
0 0.0 17 123.30165161069343 19 219.13260350553873 29 339.54641615702985 30 434.54641615702985 22 533.0904199023473 0 545.2559449629438
0 0.0 54 130.04996878900158 56 225.4351335961361 45 342.3609576318086 50 436.8330935868082 0 459.636602088791
